a:3:{s:4:"code";s:13:"5ee0bbeb7e696";s:14:"expirationDate";O:8:"DateTime":3:{s:4:"date";s:26:"2020-06-10 11:54:35.517798";s:13:"timezone_type";i:3;s:8:"timezone";s:3:"UTC";}s:9:"client_id";s:30:"client_5ee0bb3a36aea2.82088327";}
a:3:{s:4:"code";s:13:"5ee0bc16275f0";s:14:"expirationDate";O:8:"DateTime":3:{s:4:"date";s:26:"2020-06-10 11:55:18.161275";s:13:"timezone_type";i:3;s:8:"timezone";s:3:"UTC";}s:9:"client_id";s:30:"client_5ee0bb3a36aea2.82088327";}
a:3:{s:4:"code";s:13:"5ef227579280d";s:14:"expirationDate";O:8:"DateTime":3:{s:4:"date";s:26:"2020-06-23 17:01:27.600332";s:13:"timezone_type";i:3;s:8:"timezone";s:3:"UTC";}s:9:"client_id";s:30:"client_5ee0bb3a36aea2.82088327";}